
Distance Matrix:
[
    [1.0000000000000004, 0.06537204504606135, 0.06537204504606135, 0.22645540682891918, 0.0, 0.06362847629757777, 0.0, 0.16724840200141816, 0.0, 0.0, 0.0, 0.051502620262460476, 0.0, 0.0, 0.09376144618769908, 0.13222147133698628, 0.16317848796612638, 0.08770580193070293, 0.1415346292680745, 0.0, 0.08770580193070293, 0.0, 0.11538461538461539, 0.08770580193070293],
    [0.06537204504606135, 1.0000000000000002, 0.11111111111111113, 0.09622504486493764, 0.0, 0.05407380704358751, 0.052704627669472995, 0.1421338109037403, 0.07106690545187015, 0.0, 0.05407380704358751, 0.17507524381296344, 0.04811252243246882, 0.0, 0.11952286093343936, 0.15731330124142318, 0.09245003270420488, 0.223606797749979, 0.16839382851364088, 0.0, 0.0, 0.13608276348795437, 0.1634301126151534, 0.1863389981249825],
    [0.06537204504606135, 0.11111111111111113, 1.0000000000000002, 0.0, 0.0, 0.05407380704358751, 0.15811388300841897, 0.1421338109037403, 0.1421338109037403, 0.0890870806374748, 0.05407380704358751, 0.17507524381296344, 0.04811252243246882, 0.12598815766974242, 0.03984095364447979, 0.1123666437438737, 0.13867504905630731, 0.0372677996249965, 0.09622504486493764, 0.0, 0.0, 0.0, 0.09805806756909204, 0.149071198499986],
    [0.22645540682891918, 0.09622504486493764, 0.0, 1.0000000000000002, 0.0, 0.0, 0.18257418583505539, 0.12309149097933275, 0.0, 0.0, 0.0, 0.07580980435789035, 0.0, 0.21821789023599242, 0.06900655593423542, 0.15569978883230462, 0.08006407690254358, 0.12909944487358058, 0.08333333333333336, 0.0, 0.0, 0.11785113019775795, 0.16984155512168939, 0.12909944487358058],
    [0.0, 0.0, 0.0, 0.0, 1.0000000000000002, 0.13245323570650439, 0.0, 0.0, 0.0, 0.0, 0.0, 0.0, 0.11785113019775795, 0.0, 0.09759000729485333, 0.0, 0.0, 0.0, 0.0, 0.4364357804719848, 0.1825741858350554, 0.0, 0.08006407690254358, 0.0],
    [0.06362847629757777, 0.05407380704358751, 0.05407380704358751, 0.0, 0.13245323570650439, 0.9999999999999993, 0.1025978352085154, 0.0, 0.06917144638660747, 0.0, 0.05263157894736841, 0.042601432284230495, 0.1873171623163388, 0.0, 0.1938916835823703, 0.13124359177794212, 0.0, 0.10882143751650174, 0.1873171623163388, 0.08671099695241198, 0.07254762501100116, 0.06622661785325219, 0.15907119074394444, 0.10882143751650174],
    [0.0, 0.052704627669472995, 0.15811388300841897, 0.18257418583505539, 0.0, 0.1025978352085154, 1.0000000000000002, 0.06741998624632421, 0.13483997249264842, 0.0, 0.0512989176042577, 0.08304547985373996, 0.09128709291752769, 0.11952286093343936, 0.15118578920369088, 0.10660035817780522, 0.08770580193070293, 0.10606601717798213, 0.11410886614690963, 0.0, 0.0, 0.12909944487358058, 0.12403473458920845, 0.07071067811865475],
    [0.16724840200141816, 0.1421338109037403, 0.1421338109037403, 0.12309149097933275, 0.0, 0.0, 0.06741998624632421, 1.0000000000000002, 0.18181818181818182, 0.0, 0.0, 0.2239570043823417, 0.061545745489666376, 0.0, 0.1019294382875251, 0.22998382983042762, 0.29565619799454135, 0.23836564731139806, 0.12309149097933275, 0.0, 0.0, 0.08703882797784893, 0.20906050250177272, 0.09534625892455924],
    [0.0, 0.07106690545187015, 0.1421338109037403, 0.0, 0.0, 0.06917144638660747, 0.13483997249264842, 0.18181818181818182, 1.0000000000000002, 0.2279211529192759, 0.0, 0.22395700438234173, 0.12309149097933275, 0.08058229640253803, 0.15289415743128765, 0.1724878723728207, 0.11826247919781653, 0.19069251784911848, 0.21541010921383233, 0.0, 0.0, 0.08703882797784893, 0.16724840200141816, 0.0],
    [0.0, 0.0, 0.0890870806374748, 0.0, 0.0, 0.0, 0.0, 0.0, 0.2279211529192759, 0.9999999999999997, 0.0, 0.07018624063435963, 0.0, 0.3030457633656632, 0.06388765649999398, 0.3243374865704012, 0.0, 0.0, 0.1543033499620919, 0.0, 0.0, 0.0, 0.052414241836095915, 0.0],
    [0.0, 0.05407380704358751, 0.05407380704358751, 0.0, 0.0, 0.05263157894736841, 0.0512989176042577, 0.0, 0.0, 0.0, 0.9999999999999996, 0.25560859370538297, 0.0936585811581694, 0.0, 0.03877833671647406, 0.08749572785196141, 0.0, 0.07254762501100116, 0.07024393586862705, 0.0, 0.0, 0.06622661785325219, 0.09544271444636666, 0.1813690625275029],
    [0.051502620262460476, 0.17507524381296344, 0.17507524381296344, 0.07580980435789035, 0.0, 0.042601432284230495, 0.08304547985373996, 0.2239570043823417, 0.22395700438234173, 0.07018624063435963, 0.25560859370538297, 0.9999999999999997, 0.037904902178945175, 0.0, 0.15694120514358612, 0.15934820215421497, 0.14567140814584595, 0.26424909878161656, 0.17057205980525328, 0.0, 0.0, 0.1072112534837795, 0.23176179118107215, 0.17616606585441105],
    [0.0, 0.04811252243246882, 0.04811252243246882, 0.0, 0.11785113019775795, 0.1873171623163388, 0.09128709291752769, 0.061545745489666376, 0.12309149097933275, 0.0, 0.0936585811581694, 0.037904902178945175, 0.9999999999999997, 0.054554472558998104, 0.13801311186847084, 0.21408720964441885, 0.04003203845127179, 0.032274861218395144, 0.1666666666666667, 0.1543033499620919, 0.12909944487358058, 0.058925565098878974, 0.11322770341445959, 0.22592402852876603],
    [0.0, 0.0, 0.12598815766974242, 0.21821789023599242, 0.0, 0.0, 0.11952286093343936, 0.0, 0.08058229640253803, 0.3030457633656632, 0.0, 0.0, 0.054554472558998104, 0.9999999999999999, 0.13552618543578768, 0.2293412361469315, 0.0, 0.0, 0.10910894511799621, 0.20203050891044214, 0.08451542547285167, 0.07715167498104597, 0.11118739749916519, 0.08451542547285167],
    [0.09376144618769908, 0.11952286093343936, 0.03984095364447979, 0.06900655593423542, 0.09759000729485333, 0.1938916835823703, 0.15118578920369088, 0.1019294382875251, 0.15289415743128765, 0.06388765649999398, 0.03877833671647406, 0.15694120514358612, 0.13801311186847084, 0.13552618543578768, 1.0000000000000002, 0.20951397064659888, 0.06629935441317959, 0.24053511772118194, 0.20701966780270628, 0.12777531299998796, 0.2138089935299395, 0.14638501094227999, 0.28128433856309726, 0.10690449676496976],
    [0.13222147133698628, 0.15731330124142318, 0.1123666437438737, 0.15569978883230462, 0.0, 0.13124359177794212, 0.10660035817780522, 0.22998382983042762, 0.1724878723728207, 0.3243374865704012, 0.08749572785196141, 0.15934820215421497, 0.21408720964441885, 0.2293412361469315, 0.20951397064659888, 0.9999999999999989, 0.2056883378018606, 0.22613350843332272, 0.253012156852495, 0.0, 0.0, 0.08257228238447706, 0.22477650127287668, 0.24120907566221086],
    [0.16317848796612638, 0.09245003270420488, 0.13867504905630731, 0.08006407690254358, 0.0, 0.0, 0.08770580193070293, 0.29565619799454135, 0.11826247919781653, 0.0, 0.0, 0.14567140814584595, 0.04003203845127179, 0.0, 0.06629935441317959, 0.2056883378018606, 0.9999999999999999, 0.1860521018838127, 0.24019223070763074, 0.0, 0.0, 0.056613851707229795, 0.19037490262714743, 0.12403473458920847],
    [0.08770580193070293, 0.223606797749979, 0.0372677996249965, 0.12909944487358058, 0.0, 0.10882143751650174, 0.10606601717798213, 0.23836564731139806, 0.19069251784911848, 0.0, 0.07254762501100116, 0.26424909878161656, 0.032274861218395144, 0.0, 0.24053511772118194, 0.22613350843332272, 0.1860521018838127, 1.0000000000000002, 0.19364916731037085, 0.0, 0.0, 0.13693063937629155, 0.32889675724013595, 0.19999999999999998],
    [0.1415346292680745, 0.16839382851364088, 0.09622504486493764, 0.08333333333333336, 0.0, 0.1873171623163388, 0.11410886614690963, 0.12309149097933275, 0.21541010921383233, 0.1543033499620919, 0.07024393586862705, 0.17057205980525328, 0.1666666666666667, 0.10910894511799621, 0.20701966780270628, 0.253012156852495, 0.24019223070763074, 0.19364916731037085, 0.9999999999999993, 0.0, 0.032274861218395144, 0.029462782549439487, 0.3538365731701863, 0.22592402852876603],
    [0.0, 0.0, 0.0, 0.0, 0.4364357804719848, 0.08671099695241198, 0.0, 0.0, 0.0, 0.0, 0.0, 0.0, 0.1543033499620919, 0.20203050891044214, 0.12777531299998796, 0.0, 0.0, 0.0, 0.0, 0.9999999999999997, 0.4780914437337574, 0.0, 0.052414241836095915, 0.11952286093343936],
    [0.08770580193070293, 0.0, 0.0, 0.0, 0.1825741858350554, 0.07254762501100116, 0.0, 0.0, 0.0, 0.0, 0.0, 0.0, 0.12909944487358058, 0.08451542547285167, 0.2138089935299395, 0.0, 0.0, 0.0, 0.032274861218395144, 0.4780914437337574, 0.9999999999999999, 0.0, 0.1315587028960544, 0.1],
    [0.0, 0.13608276348795437, 0.0, 0.11785113019775795, 0.0, 0.06622661785325219, 0.12909944487358058, 0.08703882797784893, 0.08703882797784893, 0.0, 0.06622661785325219, 0.1072112534837795, 0.058925565098878974, 0.07715167498104597, 0.14638501094227999, 0.08257228238447706, 0.056613851707229795, 0.13693063937629155, 0.029462782549439487, 0.0, 0.0, 1.0000000000000002, 0.16012815380508716, 0.0],
    [0.11538461538461539, 0.1634301126151534, 0.09805806756909204, 0.16984155512168939, 0.08006407690254358, 0.15907119074394444, 0.12403473458920845, 0.20906050250177272, 0.16724840200141816, 0.052414241836095915, 0.09544271444636666, 0.23176179118107215, 0.11322770341445959, 0.11118739749916519, 0.28128433856309726, 0.22477650127287668, 0.19037490262714743, 0.32889675724013595, 0.3538365731701863, 0.052414241836095915, 0.1315587028960544, 0.16012815380508716, 1.0000000000000007, 0.2192645048267573],
    [0.08770580193070293, 0.1863389981249825, 0.149071198499986, 0.12909944487358058, 0.0, 0.10882143751650174, 0.07071067811865475, 0.09534625892455924, 0.0, 0.0, 0.1813690625275029, 0.17616606585441105, 0.22592402852876603, 0.08451542547285167, 0.10690449676496976, 0.24120907566221086, 0.12403473458920847, 0.19999999999999998, 0.22592402852876603, 0.11952286093343936, 0.1, 0.0, 0.2192645048267573, 1.0000000000000002]
]